0 9490
0 3676
0 1317
0 7486
0 7117
0 3909
0 7826
0 8735
0 709
0 1525
0 7571
0 7728
0 9299
0 5815
0 1660
0 771
0 5631
0 7955
0 8552
0 9328
0 9821
0 5505
0 5723
0 5743
0 5776
0 3685
0 829
0 256
0 7795
0 8881
0 615
0 8710
0 195
0 3928
0 8631
0 3893
0 9050
0 346
0 4914
0 1588
0 6423
0 5718
0 1832
0 8508
0 1895
0 3843
0 7447
0 6942
0 8493
0 6303
0 5665
0 3016
0 2885
0 6092
0 1146
0 2129
0 6175
0 957
0 6820
0 3596
0 7159
0 7549
0 7127
0 8503
0 828
0 511
0 9621
0 1518
0 9005
0 9357
0 5751
0 360
0 5902
0 1840
0 9520
0 1793
0 7582
0 4778
0 9618
0 3463
0 9446
0 6415
0 5075
0 1430
0 4842
0 646
0 3940
0 9613
0 6778
0 8969
0 6203
0 8049
0 9210
0 1427
0 849
0 8259
0 561
0 2455
0 2179
0 7404
1 1101
1 3399
1 1515
1 189
1 350
1 7495
1 9858
1 4242
1 6743
1 2805
1 8461
1 7264
1 2676
1 2553
1 2575
1 6729
1 391
1 5367
1 9023
1 3633
1 7657
1 3787
1 6040
1 8113
1 5352
1 2625
1 2196
1 9699
1 8630
1 5564
1 6692
1 1825
1 9734
1 3260
1 4692
1 1910
1 3090
1 2318
1 6026
1 854
1 5177
1 9448
1 1557
1 2168
1 9674
1 4917
1 5484
1 8225
1 3243
1 4901
1 3861
1 6862
1 3759
1 3044
1 9044
1 704
1 309
1 6587
1 4585
1 5562
1 4046
1 7969
1 5196
1 4545
1 9071
1 4023
1 4172
1 2152
1 4076
1 8192
1 9718
1 6025
1 7498
1 8258
1 3495
1 4648
1 8050
1 613
1 6402
1 8832
1 1380
1 1559
1 3900
1 3108
1 2822
1 6851
1 7990
1 1608
1 1447
1 7602
1 1291
1 3536
1 8302
1 2614
1 1815
1 574
1 5978
1 5282
1 8060
1 9950
2 4126
2 293
2 1471
2 1674
2 1517
2 9433
2 8097
2 6206
2 9884
2 5398
2 7482
2 5955
2 1201
2 9556
2 1003
2 8244
2 3576
2 9840
2 7271
2 790
2 366
2 7745
2 7243
2 6784
2 2929
2 766
2 7729
2 4866
2 1466
2 178
2 3923
2 8025
2 9010
2 7411
2 8312
2 8993
2 5011
2 251
2 7877
2 7629
2 3299
2 422
2 7331
2 8546
2 2578
2 5612
2 8358
2 4695
2 7316
2 1185
2 8939
2 6811
2 9796
2 1626
2 1658
2 782
2 7640
2 8591
2 1720
2 216
2 9428
2 9369
2 5747
2 1081
2 1002
2 3439
2 3645
2 8319
2 7115
2 8985
2 7622
2 1220
2 1753
2 3552
2 7904
2 115
2 4057
2 1284
2 4861
2 3972
2 8567
2 2453
2 6758
2 3042
2 48
2 7872
2 2638
2 7354
2 2151
2 379
2 9541
2 5984
2 3235
2 8880
2 2804
2 2086
2 4638
2 9057
2 7672
2 2767
3 5337
3 5539
3 6116
3 2204
3 7424
3 2609
3 5728
3 8315
3 3293
3 943
3 6221
3 6835
3 8443
3 5854
3 7299
3 2429
3 3695
3 6919
3 8685
3 1649
3 9122
3 370
3 9296
3 9551
3 5842
3 5078
3 9923
3 9334
3 7219
3 1059
3 2013
3 8327
3 4131
3 7201
3 4911
3 9621
3 4550
3 3694
3 8795
3 6701
3 1357
3 7395
3 5548
3 308
3 8711
3 8782
3 6579
3 9816
3 172
3 6622
3 4005
3 3409
3 9963
3 9428
3 2322
3 8314
3 4780
3 3899
3 2958
3 7955
3 3424
3 6018
3 4717
3 9780
3 4986
3 719
3 4194
3 5533
3 2868
3 9407
3 8994
3 6794
3 4961
3 3520
3 9629
3 433
3 5644
3 7365
3 1345
3 5438
3 1556
3 7851
3 7181
3 8104
3 6555
3 7629
3 4556
3 6089
3 680
3 3841
3 7506
3 2589
3 8753
3 6801
3 164
3 876
3 5455
3 2123
3 2676
3 6633
4 2257
4 4161
4 190
4 1557
4 2174
4 1947
4 3640
4 9669
4 6064
4 9631
4 8568
4 1712
4 3200
4 8028
4 7314
4 5608
4 3195
4 3986
4 37
4 8490
4 8760
4 8930
4 226
4 5551
4 4478
4 6995
4 9976
4 9830
4 8882
4 2074
4 1565
4 5249
4 7898
4 5730
4 686
4 3502
4 350
4 3857
4 5447
4 8756
4 1429
4 5484
4 7919
4 8575
4 5644
4 5896
4 6953
4 2228
4 1172
4 7230
4 4461
4 9740
4 2802
4 7385
4 2433
4 9853
4 4851
4 2115
4 7714
4 6965
4 3017
4 5022
4 5772
4 5060
4 1691
4 7372
4 3350
4 1655
4 1469
4 5847
4 9168
4 819
4 3645
4 9881
4 2949
4 4842
4 9332
4 4943
4 8586
4 5650
4 9941
4 3367
4 5023
4 9884
4 7879
4 4506
4 4203
4 4751
4 8573
4 3591
4 4897
4 1080
4 9367
4 6699
4 2514
4 6609
4 6859
4 5281
4 2109
4 9190
5 9076
5 99
5 9341
5 5887
5 4571
5 9987
5 8882
5 2321
5 2728
5 2
5 6414
5 5185
5 1132
5 5360
5 3641
5 6817
5 3620
5 6320
5 6484
5 388
5 2674
5 3320
5 5486
5 3345
5 3022
5 477
5 3608
5 5356
5 4243
5 532
5 8307
5 580
5 3534
5 5563
5 7404
5 2125
5 5537
5 9780
5 2016
5 627
5 9505
5 3633
5 6792
5 9821
5 118
5 1726
5 9334
5 1643
5 6315
5 5455
5 5321
5 653
5 1208
5 6302
5 1310
5 9782
5 447
5 6604
5 976
5 532
5 5521
5 9546
5 2674
5 9862
5 4235
5 1496
5 8284
5 6121
5 4760
5 4122
5 9869
5 6946
5 5260
5 5943
5 243
5 537
5 2893
5 2222
5 6128
5 8463
5 3480
5 5909
5 1667
5 2179
5 7451
5 653
5 1941
5 1502
5 1420
5 4446
5 1762
5 6587
5 4203
5 1370
5 6647
5 9534
5 9708
5 7375
5 4166
5 7185
6 5643
6 5829
6 7951
6 9418
6 1735
6 7332
6 2327
6 4689
6 8639
6 3138
6 3356
6 6939
6 5338
6 4555
6 7255
6 8684
6 121
6 5665
6 3284
6 7714
6 690
6 2670
6 6121
6 2254
6 3651
6 6197
6 1043
6 373
6 7407
6 4564
6 7509
6 8936
6 421
6 4064
6 8952
6 2051
6 1941
6 9282
6 8359
6 204
6 5999
6 9452
6 1864
6 507
6 7600
6 6609
6 1417
6 4140
6 1201
6 3807
6 1057
6 4281
6 1059
6 3850
6 5190
6 7582
6 6018
6 9516
6 2386
6 4021
6 1432
6 5813
6 4934
6 202
6 7080
6 4428
6 9860
6 8818
6 5268
6 8339
6 8004
6 7452
6 4946
6 2838
6 5442
6 6709
6 6374
6 6100
6 9413
6 8293
6 2804
6 8467
6 3624
6 9648
6 5724
6 4408
6 6014
6 8239
6 8427
6 6058
6 3466
6 6064
6 4222
6 8059
6 8340
6 3334
6 1493
6 7978
6 1758
6 8500
7 7029
7 7382
7 7055
7 868
7 3613
7 2422
7 2674
7 1782
7 6359
7 4992
7 1041
7 2631
7 4736
7 3934
7 2113
7 564
7 1505
7 5571
7 5506
7 7278
7 4653
7 2108
7 201
7 5771
7 1930
7 2411
7 670
7 7139
7 6646
7 322
7 2898
7 5471
7 1794
7 997
7 845
7 5585
7 7700
7 7918
7 8338
7 9041
7 8557
7 3626
7 9353
7 4963
7 5729
7 9549
7 1516
7 9431
7 772
7 5394
7 2471
7 4783
7 2785
7 4581
7 6907
7 9047
7 4877
7 9180
7 8995
7 9993
7 4201
7 4757
7 51
7 6207
7 7318
7 5082
7 7452
7 8100
7 4015
7 8297
7 3099
7 4617
7 3555
7 7454
7 4704
7 724
7 1072
7 9045
7 5055
7 7450
7 9492
7 5633
7 1117
7 2379
7 2558
7 9338
7 8859
7 1869
7 4033
7 6471
7 2457
7 5562
7 6106
7 1405
7 2244
7 5902
7 9954
7 2517
7 1725
7 5957
8 4419
8 1555
8 4592
8 2377
8 1095
8 9563
8 9684
8 6923
8 3843
8 6881
8 2290
8 5714
8 8240
8 4839
8 1066
8 3327
8 8790
8 4776
8 9501
8 2819
8 2826
8 9862
8 3353
8 9242
8 3348
8 7169
8 3231
8 5336
8 1836
8 1149
8 1043
8 9416
8 9314
8 3124
8 8263
8 7994
8 5936
8 4875
8 1709
8 6622
8 4048
8 5893
8 2366
8 5746
8 3065
8 6522
8 7258
8 142
8 8510
8 3956
8 3720
8 4015
8 8604
8 2478
8 2788
8 9041
8 8216
8 7703
8 386
8 6393
8 8363
8 4054
8 121
8 1726
8 4782
8 598
8 2946
8 9261
8 900
8 4468
8 8816
8 4765
8 8911
8 1187
8 4270
8 7285
8 6545
8 6007
8 7187
8 4973
8 4746
8 7764
8 7001
8 4360
8 6835
8 6422
8 731
8 6269
8 9232
8 9357
8 7019
8 5006
8 388
8 3789
8 5867
8 1827
8 3619
8 1162
8 9964
8 7862
9 1482
9 5881
9 4615
9 3230
9 9602
9 4090
9 898
9 571
9 8473
9 3997
9 7682
9 5593
9 1189
9 3536
9 8909
9 5072
9 5666
9 9513
9 8175
9 7059
9 6761
9 7357
9 2042
9 2589
9 3768
9 5792
9 6175
9 2523
9 6669
9 4466
9 2806
9 2302
9 7765
9 3820
9 6907
9 2049
9 455
9 9565
9 8545
9 7139
9 4054
9 1028
9 3384
9 212
9 4282
9 7324
9 2840
9 3752
9 6085
9 1126
9 6086
9 8043
9 3352
9 2970
9 4081
9 8461
9 3553
9 9130
9 6372
9 2731
9 2373
9 7706
9 690
9 6916
9 8968
9 7345
9 2236
9 8398
9 3807
9 8997
9 1245
9 1756
9 1450
9 7776
9 3230
9 6931
9 9149
9 2801
9 4425
9 8851
9 1602
9 5105
9 5654
9 1040
9 8847
9 1569
9 2010
9 5779
9 7822
9 3258
9 6615
9 8623
9 8111
9 5934
9 6015
9 2470
9 8607
9 5222
9 6646
9 6227
